nranks interval calc pi error pi avg_int_t min_int_t max_int_t avg_red_t min_red_t max_red_t total_time
1 2000   3.1415926744231264   0.0000000208333333   0.000003815   0.000003815   0.000003815   0.000046968   0.000046968   0.000046968   0.000051975
2 2000   3.1415926744231268   0.0000000208333337   0.000002861   0.000002861   0.000002861   0.000065088   0.000065088   0.000065088   0.000071049
3 2000   3.1415926744231264   0.0000000208333333   0.000001987   0.000001907   0.000002146   0.000070572   0.000069857   0.000071049   0.000077009
4 2000   3.1415926744231264   0.0000000208333333   0.000001490   0.000000954   0.000002146   0.000099182   0.000097990   0.000099897   0.000122786
5 2000   3.1415926744231268   0.0000000208333337   0.000001621   0.000000954   0.000002146   0.000123787   0.000113964   0.000132084   0.000602007
6 2000   3.1415926744231268   0.0000000208333337   0.000001669   0.000000954   0.000002146   0.000132958   0.000130177   0.000142097   0.000142097
7 2000   3.1415926744231264   0.0000000208333333   0.000001465   0.000000954   0.000002146   0.000169209   0.000165939   0.000174046   0.000174999
8 2000   3.1415926744231264   0.0000000208333333   0.000001878   0.000000954   0.000002146   0.000080496   0.000077009   0.000085115   0.000101089
9 2000   3.1415926744231264   0.0000000208333333   0.000002066   0.000000954   0.000003099   0.000104851   0.000100851   0.000112057   0.000111103
10 2000   3.1415926744231260   0.0000000208333328   0.000001740   0.000000954   0.000002861   0.000114322   0.000110865   0.000118017   0.000142097
11 2000   3.1415926744231264   0.0000000208333333   0.000001105   0.000000954   0.000002146   0.000140602   0.000134945   0.000148058   0.000161171
12 2000   3.1415926744231264   0.0000000208333333   0.000002066   0.000001192   0.000003099   0.000141660   0.000136137   0.000149012   0.000163078
13 2000   3.1415926744231273   0.0000000208333342   0.000001449   0.000000954   0.000002146   0.000143326   0.000130177   0.000151157   0.000159979
14 2000   3.1415926744231264   0.0000000208333333   0.000001499   0.000000954   0.000002861   0.000242676   0.000239134   0.000245094   0.000252962
15 2000   3.1415926744231264   0.0000000208333333   0.000001764   0.000000954   0.000003099   0.000145976   0.000144005   0.000150919   0.000155210
16 2000   3.1415926744231264   0.0000000208333333   0.000001565   0.000000954   0.000002146   0.000151604   0.000146151   0.000155210   0.000169039
1 2000000   3.1415926535898273   0.0000000000000342   0.002702951   0.002702951   0.002702951   0.000055790   0.000055790   0.000055790   0.002762079
2 2000000   3.1415926535898153   0.0000000000000222   0.001362205   0.001359224   0.001365185   0.000065565   0.000061035   0.000070095   0.001439095
3 2000000   3.1415926535898162   0.0000000000000231   0.000931978   0.000931978   0.000931978   0.000134945   0.000134945   0.000134945   0.001070976
4 2000000   3.1415926535898153   0.0000000000000222   0.000692070   0.000688076   0.000703096   0.000070333   0.000069141   0.000072002   0.000777960
5 2000000   3.1415926535898158   0.0000000000000226   0.000576735   0.000575781   0.000577927   0.000107193   0.000102043   0.000113010   0.001090765
6 2000000   3.1415926535898144   0.0000000000000213   0.000484784   0.000483036   0.000486851   0.000131607   0.000131130   0.000133991   0.000623941
7 2000000   3.1415926535898144   0.0000000000000213   0.000423874   0.000422001   0.000426054   0.000105688   0.000104904   0.000107050   0.000537157
8 2000000   3.1415926535898140   0.0000000000000209   0.000336975   0.000335932   0.000338078   0.000147104   0.000144958   0.000150919   0.000498056
9 2000000   3.1415926535898144   0.0000000000000213   0.000299957   0.000299931   0.000300169   0.000115607   0.000111103   0.000121117   0.000419855
10 2000000   3.1415926535898131   0.0000000000000200   0.000307178   0.000301838   0.000309944   0.000117445   0.000112057   0.000121832   0.000446796
11 2000000   3.1415926535898135   0.0000000000000204   0.000273184   0.000260115   0.000282049   0.000120683   0.000111103   0.000123978   0.000410080
12 2000000   3.1415926535898135   0.0000000000000204   0.000225921   0.000224829   0.000226974   0.000137150   0.000131130   0.000144958   0.000373125
13 2000000   3.1415926535898140   0.0000000000000209   0.000246983   0.000208855   0.000255823   0.000156036   0.000149012   0.000159979   0.000422001
14 2000000   3.1415926535898135   0.0000000000000204   0.000194039   0.000192881   0.000195026   0.000190343   0.000182867   0.000194073   0.000404119
15 2000000   3.1415926535898135   0.0000000000000204   0.000181723   0.000180006   0.000183105   0.000177224   0.000169992   0.000181198   0.000378132
16 2000000   3.1415926535898135   0.0000000000000204   0.000170588   0.000169992   0.000171900   0.000212550   0.000206947   0.000218868   0.000396013
1 2000000000   3.1415926535896883  -0.0000000000001048   2.581638098   2.581638098   2.581638098   0.000077009   0.000077009   0.000077009   2.581722021
2 2000000000   3.1415926535898588   0.0000000000000657   1.347674489   1.346360922   1.348988056   0.000144482   0.000144005   0.000144958   1.349141836
3 2000000000   3.1415926535897962   0.0000000000000031   0.897915045   0.896813154   0.898692131   0.000097990   0.000096083   0.000099897   0.898803949
4 2000000000   3.1415926535897816  -0.0000000000000115   0.673378766   0.672858000   0.673922062   0.000143170   0.000141859   0.000145912   0.674078941
5 2000000000   3.1415926535897984   0.0000000000000053   0.538585472   0.538132191   0.538985014   0.000174570   0.000169992   0.000178099   0.539180994
6 2000000000   3.1415926535897816  -0.0000000000000115   0.448865453   0.448604822   0.449819088   0.000137210   0.000135899   0.000138998   0.449965000
7 2000000000   3.1415926535897785  -0.0000000000000147   0.384781395   0.384510994   0.385276079   0.000096968   0.000078917   0.000102043   0.385395050
8 2000000000   3.1415926535897833  -0.0000000000000098   0.336802095   0.336562157   0.337164164   0.000138104   0.000133991   0.000139952   0.337314129
9 2000000000   3.1415926535897829  -0.0000000000000102   0.299326155   0.299056053   0.299758196   0.000140084   0.000137091   0.000145912   0.299915075
10 2000000000   3.1415926535897984   0.0000000000000053   0.269462538   0.269213200   0.270365953   0.000153327   0.000149965   0.000155926   0.270533800
11 2000000000   3.1415926535897962   0.0000000000000031   0.244811578   0.244738102   0.244971991   0.000144525   0.000141859   0.000147104   0.245126963
12 2000000000   3.1415926535897993   0.0000000000000062   0.224781156   0.224648952   0.225013018   0.000185688   0.000180960   0.000206947   0.225214005
13 2000000000   3.1415926535897971   0.0000000000000040   0.207374774   0.207284927   0.207683086   0.000168232   0.000165224   0.000170946   0.207865000
14 2000000000   3.1415926535897962   0.0000000000000031   0.192648666   0.192567110   0.192758083   0.000171712   0.000153065   0.000175953   0.192971945
15 2000000000   3.1415926535897984   0.0000000000000053   0.179811160   0.179666042   0.180489063   0.000156991   0.000154018   0.000159025   0.180660009
16 2000000000   3.1415926535897993   0.0000000000000062   0.169752061   0.168567896   0.183935165   0.000209108   0.000203133   0.000213861   0.184171200
