nranks interval calc_pi error_pi avg_int_t min_int_t max_int_t avg_red_t min_red_t max_red_t total_time
1 2000   3.1415926744231202   0.0000000208333271   0.000025034   0.000025034   0.000025034   0.000044107   0.000044107   0.000044107   0.000070095
2 2000   3.1415926744231255   0.0000000208333324   0.000013590   0.000013113   0.000014067   0.000102997   0.000102043   0.000103951   0.000119925
3 2000   3.1415926744231273   0.0000000208333342   0.000010331   0.000010014   0.000010967   0.000067393   0.000066996   0.000068188   0.000081062
4 2000   3.1415926744231273   0.0000000208333342   0.000008345   0.000008106   0.000009060   0.000086546   0.000086069   0.000087023   0.000101089
5 2000   3.1415926744231268   0.0000000208333337   0.000006866   0.000005960   0.000008106   0.000111008   0.000075102   0.000160933   0.000179052
6 2000   3.1415926744231260   0.0000000208333328   0.000005682   0.000005007   0.000006199   0.000088811   0.000086784   0.000090837   0.000101089
7 2000   3.1415926744231260   0.0000000208333328   0.000004871   0.000004053   0.000005007   0.000107901   0.000105858   0.000110865   0.000149012
8 2000   3.1415926744231260   0.0000000208333328   0.000004500   0.000003815   0.000005007   0.000243396   0.000239134   0.000247002   0.000262022
9 2000   3.1415926744231264   0.0000000208333333   0.000003868   0.000003099   0.000005007   0.000110732   0.000108957   0.000114202   0.000133991
10 2000   3.1415926744231264   0.0000000208333333   0.000003481   0.000002861   0.000004053   0.000150943   0.000148058   0.000155926   0.000159979
11 2000   3.1415926744231264   0.0000000208333333   0.000003576   0.000002861   0.000004053   0.000124324   0.000118017   0.000133991   0.000147104
12 2000   3.1415926744231273   0.0000000208333342   0.000003179   0.000003099   0.000004053   0.000125190   0.000115156   0.000129938   0.000141144
13 2000   3.1415926744231273   0.0000000208333342   0.000003008   0.000001907   0.000004053   0.000129901   0.000127077   0.000133991   0.000157833
14 2000   3.1415926744231264   0.0000000208333333   0.000002708   0.000001907   0.000004053   0.000180875   0.000174046   0.000182867   0.000204802
15 2000   3.1415926744231268   0.0000000208333337   0.000002654   0.000001907   0.000003099   0.000145086   0.000142813   0.000152826   0.000154018
16 2000   3.1415926744231264   0.0000000208333333   0.000002652   0.000001907   0.000003099   0.000183567   0.000174046   0.000185966   0.000198841
1 2000000   3.1415926535899938   0.0000000000002007   0.024497986   0.024497986   0.024497986   0.000059128   0.000059128   0.000059128   0.024560213
2 2000000   3.1415926535898624   0.0000000000000693   0.012190461   0.012171030   0.012209892   0.000076532   0.000072956   0.000080109   0.012287855
3 2000000   3.1415926535897358  -0.0000000000000573   0.008132299   0.008111954   0.008152008   0.000068585   0.000066996   0.000069857   0.008226156
4 2000000   3.1415926535897589  -0.0000000000000342   0.006075323   0.006052017   0.006113052   0.000084579   0.000082970   0.000087023   0.006205082
5 2000000   3.1415926535897558  -0.0000000000000373   0.004883146   0.004868984   0.004913807   0.000098801   0.000083923   0.000123024   0.005367041
6 2000000   3.1415926535898016   0.0000000000000084   0.004056772   0.004021168   0.004096031   0.000095367   0.000088930   0.000101089   0.004203081
7 2000000   3.1415926535897754  -0.0000000000000178   0.003504685   0.003480911   0.003541946   0.000114475   0.000110865   0.000115871   0.003664017
8 2000000   3.1415926535897811  -0.0000000000000120   0.003051639   0.003008127   0.003083944   0.000090867   0.000087976   0.000092983   0.003182888
9 2000000   3.1415926535897842  -0.0000000000000089   0.002691640   0.002664804   0.002755165   0.000113381   0.000109911   0.000124216   0.002874136
10 2000000   3.1415926535897984   0.0000000000000053   0.002463460   0.002399921   0.002615929   0.000119996   0.000108957   0.000129938   0.002748966
11 2000000   3.1415926535898278   0.0000000000000346   0.002218333   0.002202034   0.002241850   0.000152154   0.000141859   0.000159025   0.002404928
12 2000000   3.1415926535898180   0.0000000000000249   0.002037605   0.002013922   0.002058029   0.000127872   0.000123024   0.000130892   0.002197027
13 2000000   3.1415926535898260   0.0000000000000329   0.001892365   0.001858950   0.001919031   0.000132432   0.000129938   0.000136137   0.002060890
14 2000000   3.1415926535898260   0.0000000000000329   0.001784580   0.001775026   0.001796961   0.000152247   0.000139952   0.000160933   0.001963139
15 2000000   3.1415926535898278   0.0000000000000346   0.001643403   0.001621008   0.001687050   0.000191339   0.000186920   0.000194073   0.001885891
16 2000000   3.1415926535898269   0.0000000000000338   0.001513526   0.001495838   0.001528025   0.000171691   0.000167131   0.000174999   0.001703024
1 2000000000   3.1415926535898389   0.0000000000000457  23.765987873  23.765987873  23.765987873   0.000074863   0.000074863   0.000074863  23.766068935
2 2000000000   3.1415926535896617  -0.0000000000001315  12.311757922  12.172103882  12.451411963   0.000146985   0.000144958   0.000149012  12.451572180
3 2000000000   3.1415926535898149   0.0000000000000218   8.145748297   8.112411976   8.204220057   0.000138044   0.000123024   0.000147104   8.204385042
4 2000000000   3.1415926535898393   0.0000000000000462   6.082919955   6.078306913   6.087231874   0.000254273   0.000248909   0.000260115   6.087495089
5 2000000000   3.1415926535899121   0.0000000000001190   4.917147827   4.880379200   5.058229923   0.000137758   0.000133991   0.000140905   5.058405876
6 2000000000   3.1415926535898016   0.0000000000000084   4.052450260   4.050715208   4.055161953   0.000199676   0.000197887   0.000201941   4.055387020
7 2000000000   3.1415926535897789  -0.0000000000000142   3.473204068   3.470903158   3.477781057   0.000175749   0.000171900   0.000184059   3.477970123
8 2000000000   3.1415926535897949   0.0000000000000018   3.040583998   3.039304972   3.041814804   0.000152349   0.000148058   0.000158787   3.041980982
9 2000000000   3.1415926535897771  -0.0000000000000160   2.702123615   2.700536013   2.703864098   0.000247002   0.000244856   0.000252962   2.704122066
10 2000000000   3.1415926535897318  -0.0000000000000613   2.432028985   2.430805922   2.433480978   0.000232482   0.000228882   0.000234127   2.433730841
11 2000000000   3.1415926535897363  -0.0000000000000568   2.211560683   2.210180998   2.212976933   0.000218066   0.000215054   0.000221014   2.213212967
12 2000000000   3.1415926535897443  -0.0000000000000488   2.042112728   2.027623892   2.136261940   0.000340104   0.000329018   0.000366926   2.136616945
13 2000000000   3.1415926535897469  -0.0000000000000462   1.873906832   1.871574163   1.883882046   0.000333731   0.000330925   0.000339985   1.884232998
14 2000000000   3.1415926535897478  -0.0000000000000453   1.741253512   1.738470793   1.749258041   0.000301514   0.000298977   0.000303030   1.749574900
15 2000000000   3.1415926535896932  -0.0000000000000999   1.622657665   1.621942997   1.625599861   0.000259892   0.000256777   0.000286818   1.625870943
16 2000000000   3.1415926535896888  -0.0000000000001044   1.521433339   1.520469904   1.524065971   0.000275940   0.000272036   0.000278950   1.524357080
