send_type nodes nranks intervals calc_pi error_pi avg_int_t min_int_t max_int_t avg_red_t min_red_t max_red_t total_time
Ssend 1 16 2000   3.1415926744231264   0.0000000208333333   0.000001907   0.000000954   0.000003099   0.000151604   0.000136852   0.000160217   0.000174999
Ssend 16 16 2000   3.1415926744231264   0.0000000208333333   0.000001103   0.000000954   0.000001907   0.000384465   0.000108004   0.000562906   0.000638008
Ssend 1 16 2000000   3.1415926535898135   0.0000000000000204   0.000170305   0.000169992   0.000171900   0.000113875   0.000051022   0.000128031   0.000303984
Ssend 16 16 2000000   3.1415926535898135   0.0000000000000204   0.000170007   0.000157833   0.000202894   0.000393972   0.000155926   0.000583172   0.000921011
Ssend 1 16 2000000000   3.1415926535897993   0.0000000000000062   0.168609396   0.168483973   0.169414997   0.000216708   0.000149965   0.000231028   0.169656038
Ssend 16 16 2000000000   3.1415926535897993   0.0000000000000062   0.166408524   0.158761978   0.169330835   0.000509933   0.000270844   0.000683069   0.170165062
Send 1 16 2000   3.1415926744231264   0.0000000208333333   0.000001624   0.000000954   0.000002146   0.000570208   0.000535965   0.000602961   0.000617981
Send 16 16 2000   3.1415926744231264   0.0000000208333333   0.000001132   0.000000954   0.000002146   0.000692114   0.000589848   0.000792980   0.000927925
Send 1 16 2000000   3.1415926535898135   0.0000000000000204   0.000169694   0.000169039   0.000170946   0.000116959   0.000034094   0.000520945   0.000710011
Send 16 16 2000000   3.1415926535898135   0.0000000000000204   0.000175580   0.000158072   0.000204086   0.000154763   0.000066996   0.000296831   0.000573874
Send 1 16 2000000000   3.1415926535897993   0.0000000000000062   0.168438867   0.168356895   0.168604136   0.000095129   0.000038147   0.000159025   0.168783903
Send 16 16 2000000000   3.1415926535897993   0.0000000000000062   0.166929334   0.160020828   0.175343037   0.000170723   0.000065804   0.000312090   0.175683975
